first
0.444
0.436
0.491
0.572
0.459
0.5
0.451
0.442
0.56
0.52
0.618
0.568
0.43
0.329
0.368
0.466
0.51
0.399
0.384
0.356
0.416
0.379
0.46
0.524
0.58
0.485
0.387
0.501
0.429
0.484
0.445
0.623
0.639
0.438
0.433
0.46
0.628
0.527
0.469
0.419
0.562
0.395
0.464
0.545
0.589
0.512
0.353
0.479
0.506
0.378
0.513
0.459
0.618
0.584
0.33
0.368
0.57
0.495
0.545
0.562
0.361
0.406
0.532
0.429
0.495
0.455
0.312
0.551
0.524
0.663
0.413
0.564
0.565
0.484
0.413
0.352
0.356
0.353
0.662
0.396
0.633
0.347
0.571
0.66
0.3
0.455
0.252
0.365
0.38
0.357
0.354
0.453
0.663
0.374
0.481
0.358
0.701
0.581
0.702
0.547
0.553
0.544
0.57
0.734
0.585
0.602
0.759
0.667
0.837
0.639
0.804
0.557
0.595
0.534
0.643
0.416
0.445
0.404
0.577
0.531
0.518
0.395
0.546
0.472
0.383
0.325
0.32
0.367
0.508
0.404
0.459
0.509
0.523
0.426
0.34
0.351
0.596
0.489
0.297
0.554
0.56
0.56
0.44
0.43
0.468
0.577
0.328
0.486
0.337
0.407
0.554
0.499
0.479
0.474
0.564
0.49
0.487
0.44
0.406
0.521
0.501
0.408
0.449
0.404
0.477
0.501
0.397
0.446
0.302
0.391
0.644
0.311
0.35
0.524
0.458
0.538
0.372
0.467
0.333
0.498
0.344
0.539
0.651
0.491
0.454
0.474
0.795
0.612
0.655
0.626
0.562
0.7
0.806
0.547
0.675
0.741
0.594
0.865
0.836
0.889
0.668
0.766
0.849
0.482
0.786
0.751
0.802
0.661
0.77
0.703
0.615
0.88
0.763
0.773
0.682
0.754
0.693
0.671
0.803
0.722
0.739
0.768
0.8
0.817
0.68
0.745
0.786
0.737
0.764
0.797
0.547
0.617
0.546
0.728
0.795
0.705
0.669
0.545
0.592
0.685
0.653
0.777
0.791
0.669
0.685
0.493
0.703
0.488
0.435
0.567
0.75
0.734
0.645
0.292
0.723
0.545
0.644
0.59
0.498
0.45
0.707
0.591
0.673
0.687
0.505
0.603
0.663
0.532
0.785
0.754
0.581
0.519
0.595
0.52
0.673
0.492
0.19
0.753
0.541
0.659
0.648
0.321
0.251
0.499
0.478
0.371
0.586
0.436
0.396
0.653
0.495
0.722
0.368
0.633
0.469
0.584
0.458
0.444
0.489
0.443
0.563
0.565
0.368
0.784
0.597
0.31
0.55
0.29
0.78
0.767
0.812
0.807
0.795
0.747
0.81
0.718
0.811
0.786
0.856
0.743
0.751
0.442
0.548
0.381
0.607
0.791
0.507
0.64
0.609
0.52
0.658
0.385
0.715
0.397
0.629
0.524
0.602
0.412
0.575
0.44
0.677
0.46
0.365
0.48
0.65
0.589
0.635
0.722
0.562
0.607
0.526
0.682
0.389
0.632
0.648
0.7
0.592
0.482
0.34
0.626
0.543
0.719
0.756
0.819
0.47
0.469
0.715
0.724
0.72
0.784
0.709
0.75
0.63
0.581
0.561
0.648
0.453
0.704
0.717
0.628
0.369
0.476
0.473
0.618
0.429
0.512
0.557
0.416
0.445
0.421
0.743
0.494
0.399
0.568
0.47
0.483
0.46
0.487
0.508
0.51
0.385
0.595
0.424
0.492
0.53
0.737
0.456
0.477
0.457
0.375
0.495
0.624
0.545
0.451
0.584
0.603
0.562
0.624
0.58
0.572
0.404
0.394
0.547
0.441
0.455
0.468
0.635
0.27
0.571
0.516
0.704
0.443
0.627
0.726
0.591
0.485
0.446
0.475
0.503
0.5
0.372
0.6
0.505
0.395
0.641
0.425
0.662
0.545
0.541
0.485
0.369
0.417
0.658
0.639
0.43
0.545
0.575
0.345
0.551
0.5
0.471
0.578
0.581
0.46
0.434
0.56
0.39
0.493
0.488
0.468
0.43
0.406
0.502
0.391
0.732
0.614
0.479
0.621
0.435
0.504
0.488
0.481
0.55
0.511
0.433
0.517
0.539
0.63
0.455
0.401
0.614
0.417
0.555
0.5
0.611
0.627
0.494
0.567
0.555
0.522
0.542
0.485
0.575
0.516
0.538
0.464
0.669
0.578
0.534
0.497
0.41
0.51
0.509
0.37
0.517
0.641
0.492
0.644
0.434
0.422
0.427
0.755
0.53
0.496
0.429
0.531
0.399
0.497
0.547
0.547
0.56
0.421
0.366
0.442
0.556
0.474
0.617
0.55
0.603
0.395
0.433
0.403
0.569
0.548
0.534
0.605
0.799
0.798
0.85
0.825
0.803
0.526
0.254
0.352
0.385
0.601
0.304
0.506
0.318
0.436
0.268
0.537
0.298
0.639
0.381
0.326
0.392
0.218
0.475
0.458
0.539
0.41
0.233
0.436
0.345
0.423
0.252
0.343
0.359
0.592
0.362
0.459
0.379
0.245
0.39
0.517
0.406
0.423
0.304
0.381
0.342
0.272
0.335
0.361
0.239
0.35
0.398
0.549
0.66
0.385
0.605
0.273
0.596
0.441
0.661
0.603
0.451
0.372
0.587
0.411
0.722
0.392
0.424
0.756
0.507
0.594
0.76
0.398
0.228
0.41
0.47
0.567
0.405
0.444
0.373
0.508
0.599
0.373
0.411
0.34
0.604
0.597
0.424
0.496
0.38
0.393
0.537
0.465
0.496
0.748
0.527
0.788
0.494
0.769
0.556
0.26
0.65
0.51
0.551
0.59
0.716
0.561
0.549
0.561
0.648
0.404
0.538
0.313
0.373
0.54
0.571
0.67
0.525
0.533
0.39
0.589
0.577
0.392
0.688
0.36
0.415
0.405
0.535
0.452
0.331
0.596
0.767
0.462
0.564
0.417
0.52
0.469
0.672
0.644
0.56
0.466
0.504
0.212
0.522
0.456
0.345
0.332
0.649
0.739
0.464
0.657
0.517
0.309
0.464
0.406
0.496
0.447
0.413
0.66
0.447
0.283
0.501
0.466
0.462
0.465
0.546
0.371
0.437
0.55
0.475
0.55
0.528
0.514
0.474
0.474
0.545
0.399
0.351
0.393
0.558
0.596
0.42
0.359
0.523
0.434
0.426
0.416
0.312
0.321
0.328
0.255
0.319
0.557
0.338
0.496
0.452
0.592
0.466
0.491
0.559
0.548
0.389
0.55
0.343
0.591
0.49
0.485
0.316
0.5
0.459
0.43
0.5
0.405
0.542
0.495
0.512
0.472
0.223
0.366
0.336
0.429
0.408
0.598
0.46
0.413
0.529
0.365
0.532
0.517
0.344
0.518
0.352
0.569
0.542
0.426
0.466
0.381
0.492
0.548
0.411
0.348
0.332
0.384
0.46
0.364
0.281
0.469
0.413
0.322
0.504
0.447
0.533
0.424
0.373
0.288
0.417
0.304
0.358
0.227
0.381
0.215
0.309
0.356
0.418
0.441
0.371
0.43
0.66
0.485
0.411
0.294
0.283
0.553
0.433
0.43
0.428
0.394
0.268
0.261
0.611
0.354
0.48
0.34
0.457
0.216
0.441
0.565
0.461
0.413
0.24
0.38
0.45
0.411
0.347
0.398
0.673
0.355
0.272
0.272
0.392
0.563
0.482
0.384
0.344
0.484
0.287
0.429
0.48
0.481
0.263
0.64
0.385
0.286
0.364
0.319
0.322
0.481
0.419
0.402
0.335
0.473
0.39
0.383
0.275
0.303
0.494
0.516
0.335
0.574
0.491
0.292
0.462
0.372
0.37
0.337
0.589
0.342
0.362
0.228
0.505
0.425
0.251
0.232
0.341
0.344
0.316
0.336
0.43
0.49
0.382
0.47
0.331
0.337
0.41
0.256
0.348
0.507
0.434
0.227
0.346
0.421
0.492
0.273
0.385
0.272
0.734
0.506
0.312
0.32
0.373
0.343
0.399
0.364
0.499
0.287
0.25
0.37
0.364
0.323
0.33
0.368
0.4
0.423
0.364
0.412
0.577
0.634
0.34
0.654
0.346
0.464
0.469
0.471
0.326
0.544
0.375
0.4
0.28
0.344
0.396
0.343
0.407
0.362
0.54
0.388
0.407
0.404
0.405
0.432
0.416
0.371
0.275
0.564
0.293
0.396
0.497
0.29
0.55
0.387
0.268
0.454
0.373
0.41
0.535
0.26
0.403
0.335
0.357
0.313
0.499
0.403
0.633
0.267
0.231
0.319
0.472
0.388
0.408
0.444
0.263
0.291
0.591
0.262
0.432
0.313
0.398
0.314
0.665
0.399
0.519
0.401
0.404
0.588
0.443
0.44
0.52
0.769
0.354
0.598
0.392
0.438
0.517
0.535
0.535
0.438
0.432
0.43
0.428
0.346
0.383
0.444
0.365
0.48
0.44
0.375
0.319
0.374
0.531
0.624
0.443
0.402
0.65
0.502
0.54
0.521
0.38
0.466
0.54
0.608
0.34
0.627
0.488
0.342
0.546
0.558
0.606
0.804
0.61
0.501
0.398
0.415
0.502
0.421
0.602
0.628
0.612
0.5
0.497
0.471
0.57
0.517
0.479
0.399
0.487
0.624
0.357
0.509
0.339
0.523
0.384
0.37
0.441
0.459
0.471
0.54
0.654
0.395
0.637
0.479
0.559
0.468
0.567
0.487
0.448
0.452
0.498
0.488
0.548
0.591
0.492
0.56
0.558
0.382
0.613
0.502
0.545
0.455
0.487
0.586
0.474
0.467
0.365
0.759
0.487
0.426
0.453
0.533
0.394
0.597
0.342
0.309
0.609
0.562
0.417
0.451
0.476
0.448
0.698
0.362
0.416
0.569
0.468
0.459
0.486
0.409
0.468
0.497
0.471
0.498
0.505
0.6
0.473
0.579
0.596
0.642
0.674
0.42
0.387
0.565
0.535
0.467
0.644
0.383
0.685
0.354
0.533
0.573
0.571
0.417
0.463
0.617
0.566
0.561
0.654
0.476
0.513
0.608
0.524
0.527
0.534
0.564
0.524
0.667
0.434
0.603
0.577
0.515
0.548
0.454
0.611
0.566
0.625
0.519
0.436
0.449
0.453
0.461
0.494
0.649
0.677
0.496
0.443
0.577
0.447
0.669
0.579
0.594
0.54
0.625
0.688
0.589
0.617
0.479
0.664
0.558
0.585
0.612
0.655
0.736
0.739
0.777
0.72
0.77
0.746
0.738
0.667
0.844
0.762
0.571
0.778
0.723
0.714
0.777
0.72
0.605
0.763
0.812
0.843
0.642
0.804
0.842
0.733
0.839
0.834
0.747
0.786
0.788
0.762
0.786
0.857
0.798
0.792
0.805
0.812
0.788
0.768
0.576
0.595
0.5
0.612
0.625
0.484
0.558
0.504
0.627
0.715
0.555
0.399
0.559
0.48
0.626
0.584
0.593
0.514
0.603
0.666
0.532
0.516
0.52
0.618
0.533
0.503
0.501
0.672
0.596
0.424
0.505
0.544
0.595
0.394
0.511
0.533
0.544
0.511
0.693
0.646
0.641
0.518
0.548
0.622
0.663
0.612
0.687
0.617
0.599
0.688
0.707
0.578
0.561
0.475
0.547
0.626
0.666
0.663
0.458
0.574
0.611
0.454
0.727
0.616
0.458
0.501
0.531
0.593
0.602
0.531
0.575
0.637
0.616
0.64
0.488
0.522
0.611
0.475
0.536
0.587
0.733
0.69
0.659
0.375
0.492
0.252
0.34
0.42
0.292
0.435
0.322
0.469
0.368
0.426
0.318
0.414
0.419
0.351
0.5
0.263
0.411
0.488
0.473
0.35
0.34
0.483
0.291
0.513
0.396
0.596
0.478
0.38
0.442
0.336
0.34
0.346
0.312
0.292
0.316
0.293
0.464
0.313
0.377
0.317
0.339
0.186
0.382
0.315
0.366
0.367
0.349
0.373
0.448
0.303
0.392
0.284
0.428
0.485
0.291
0.306
0.364
0.317
0.295
0.395
0.564
0.286
0.293
0.247
0.454
0.328
0.327
0.457
0.482
0.346
0.233
0.415
0.365
0.397
0.353
0.363
0.395
0.427
0.367
0.429
0.503
0.352
0.352
0.435
0.387
0.326
0.56
0.428
0.473
0.601
0.489
0.456
0.494
0.537
0.525
0.588
0.598
0.597
0.577
0.459
0.552
0.506
0.543
0.527
0.509
0.428
0.541
0.486
0.503
0.457
0.588
0.672
0.61
0.612
0.464
0.472
0.533
0.555
0.445
0.565
0.687
0.56
0.517
0.643
0.471
0.633
0.505
0.537
0.516
0.59
0.502
0.408
0.55
0.539
0.51
0.729
0.662
0.642
0.591
0.399
0.487
0.503
0.531
0.516
0.389
0.446
0.561
0.543
0.59
0.491
0.417
0.479
0.498
0.461
0.437
0.434
0.37
0.568
0.47
0.409
0.586
0.5
0.587
0.502
0.481
0.676
0.523
0.608
0.395
0.272
0.382
0.327
0.343
0.474
0.444
0.245
0.35
0.515
0.302
0.342
0.367
0.344
0.371
0.389
0.351
0.281
0.535
0.341
0.38
0.451
0.32
0.655
0.517
0.434
0.54
0.391
0.369
0.371
0.291
0.323
0.293
0.328
0.478
0.458
0.404
0.251
0.418
0.236
0.236
0.262
0.316
0.26
0.531
0.242
0.423
0.609
0.388
0.447
0.511
0.353
0.287
0.571
0.237
0.32
0.299
0.326
0.26
0.476
0.338
0.406
0.424
0.332
0.261
0.39
0.413
0.318
0.346
0.392
0.304
0.461
0.373
0.272
0.241
0.469
0.435
0.407
0.408
0.294
0.32
0.164
0.638
0.416
0.354
0.382
0.29
0.41
0.386
0.366
0.308
0.532
0.23
0.38
0.428
0.697
0.389
0.416
0.361
0.385
0.243
0.317
0.411
0.434
0.341
0.499
0.183
0.496
0.446
0.418
0.313
0.313
0.241
0.155
0.726
0.425
0.271
0.192
0.439
0.267
0.417
0.382
0.346
0.23
0.129
0.161
0.489
0.24
0.261
0.374
0.448
0.221
0.396
0.271
0.422
0.273
0.487
0.349
0.349
0.479
0.352
0.402
0.139
0.4
0.396
0.323
0.372
0.268
0.467
0.269
0.147
0.39
0.273
0.53
0.176
0.393
0.191
0.146
0.269
0.283
0.185
0.503
0.286
0.374
0.391
0.384
0.27
0.115
0.318
0.187
0.265
0.435
0.354
0.356
0.272
0.293
0.415
0.203
0.309
0.335
0.391
0.46
0.365
0.55
0.293
0.364
0.328
0.223
0.4
0.341
0.317
0.314
0.425
0.242
0.328
0.355
0.383
0.314
0.482
0.311
0.213
0.378
0.313
0.315
0.48
0.288
0.37
0.333
0.313
0.421
0.451
0.427
0.348
0.343
0.301
0.365
0.337
0.433
0.384
0.31
0.399
0.393
0.331
0.25
0.299
0.47
0.341
0.304
0.318
0.361
0.317
0.454
0.223
0.459
0.333
0.318
0.428
0.316
0.393
0.363
0.311
0.432
0.353
0.298
0.298
0.349
0.507
0.433
0.3
0.255
0.601
0.242
0.39
0.205
0.309
0.249
0.308
0.418
0.38
0.386
0.34
0.389
0.399
0.182
0.674
0.742
0.588
0.379
0.872
0.387
0.725
0.588
0.61
0.671
0.755
0.666
0.691
0.782
0.676
0.296
0.585
0.598
0.598
0.609
0.697
0.705
0.67
0.615
0.639
0.558
0.574
0.734
0.762
0.779
0.802
0.74
0.762
0.682
0.746
0.67
0.804
0.757
0.765
0.764
0.72
0.772
0.756
0.726
0.791
0.72
0.716
0.749
0.758
0.762
0.634
0.839
0.743
0.54
0.712
0.812
0.399
0.572
0.766
0.614
0.569
0.418
0.731
0.709
0.715
0.721
0.806
0.595
0.571
0.675
0.602
0.762
0.555
0.8
0.803
0.659
0.746
0.785
0.696
0.393
0.648
0.788
0.771
0.742
0.812
0.793
0.732
0.703
0.594
0.735
0.773
0.848
0.803
0.744
0.854
0.766
0.736
0.733
0.729
0.781
0.788
0.653
0.758
0.78
0.732
0.765
0.835
0.832
0.785
0.749
0.779
0.803
0.73
0.774
0.756
0.849
0.746
0.693
0.766
0.779
0.852
0.751
0.751
0.728
0.722
0.701
0.751
0.841
0.825
0.67
0.864
0.674
0.782
0.817
0.839
0.833
0.818
0.723
0.673
0.789
0.798
0.861
0.884
0.586
0.575
0.504
0.641
0.455
0.509
0.623
0.582
0.724
0.673
0.693
0.54
0.576
0.67
0.575
0.56
0.527
0.551
0.766
0.557
0.497
0.546
0.573
0.511
0.47
0.649
0.524
0.671
0.554
0.681
0.62
0.832
0.703
0.706
0.745
0.632
0.57
0.502
0.736
0.501
0.588
0.711
0.711
0.666
0.715
0.696
0.616
0.498
0.544
0.616
0.682
0.445
0.636
0.51
0.563
0.563
0.541
0.692
0.605
0.694
0.569
0.655
0.578
0.673
0.667
0.712
0.509
0.801
0.482
0.563
0.603
0.498
0.746
0.612
0.499
0.613
0.612
0.626
0.546
0.542
0.532
0.708
0.458
0.574
0.588
0.458
0.528
0.691
0.527
0.615
0.631
0.727
0.686
0.476
0.493
0.744
0.511
0.59
0.621
0.665
0.193
0.425
0.204
0.218
0.274
0.263
0.253
0.207
0.423
0.195
0.267
0.227
0.239
0.246
0.222
0.304
0.203
0.305
0.19
0.37
0.193
0.226
0.315
0.272
0.275
0.291
0.232
0.246
0.237
0.205
0.256
0.274
0.221
0.247
0.246
0.195
0.354
0.274
0.366
0.228
0.257
0.235
0.211
0.215
0.219
0.283
0.354
0.18
0.303
0.271
0.276
0.226
0.223
0.439
0.314
0.438
0.492
0.413
0.285
0.464
0.417
0.531
0.39
0.321
0.471
0.584
0.455
0.551
0.258
0.482
0.609
0.271
0.462
0.64
0.63
0.527
0.302
0.617
0.335
0.463
0.631
0.519
0.419
0.549
0.373
0.368
0.365
0.465
0.468
0.38
0.457
0.369
0.341
0.42
0.526
0.544
0.399
0.539
0.186
0.508
0.566
0.447
0.525
0.462
0.503
0.432
0.233
0.436
0.386
0.607
0.332
0.462
0.416
0.357
0.609
0.29
0.309
0.51
0.409
0.555
0.375
0.28
0.419
0.447
0.469
0.387
0.279
0.2
0.525
0.565
0.535
0.339
0.463
0.212
0.38
0.647
0.375
0.466
0.425
0.572
0.426
0.356
0.262
0.345
0.384
0.339
0.326
0.457
0.444
0.472
0.351
0.327
0.454
0.358
0.524
0.394
0.413
0.548
0.292
0.415
0.177
0.316
0.244
0.306
0.258
0.433
0.422
0.257
0.365
0.338
0.278
0.303
0.514
0.411
0.505
0.374
0.419
0.619
0.415
0.245
0.354
0.337
0.519
0.435
0.545
0.423
0.373
0.261
0.425
0.303
0.34
0.388
0.493
0.386
0.419
0.518
0.39
0.372
0.337
0.365
0.514
0.258
0.601
0.392
0.388
0.36
0.433
0.478
0.362
0.375
0.43
0.48
0.482
0.375
0.345
0.313
0.272
0.229
0.392
0.77
0.721
0.797
0.604
0.577
0.633
0.655
0.666
0.511
0.607
0.671
0.598
0.61
0.665
0.657
0.652
0.583
0.558
0.719
0.81
0.664
0.305
0.71
0.69
0.738
0.645
0.66
0.581
0.71
0.603
0.501
0.681
0.756
0.626
0.729
0.606
0.761
0.568
0.725
0.57
0.719
0.495
0.697
0.805
0.647
0.53
0.649
0.764
0.792
0.82
0.605
0.512
0.696
0.721
0.558
0.562
0.539
0.814
0.695
0.766
0.578
0.622
0.607
0.559
0.475
0.483
0.652
0.531
0.56
0.843
0.724
0.503
0.725
0.826
0.779
0.614
0.82
0.62
0.567
0.822
0.761
0.714
0.822
0.649
0.649
0.794
0.777
0.747
0.711
0.572
0.464
0.76
0.822
0.565
0.576
0.714
0.634
0.735
0.828
0.673
0.836
0.693
0.827
0.807
0.815
0.754
0.807
0.371
0.505
0.384
0.468
0.515
0.447
0.733
0.597
0.592
0.657
0.528
0.5
0.526
0.486
0.641
0.548
0.43
0.576
0.569
0.566
0.564
0.675
0.513
0.463
0.542
0.591
0.559
0.616
0.594
0.43
0.506
0.576
0.505
0.376
0.515
0.529
0.472
0.529
0.493
0.62
0.529
0.496
0.483
0.462
0.631
0.602
0.302
0.342
0.356
0.295
0.345
0.338
0.33
0.371
0.438
0.278
0.288
0.345
0.373
0.305
0.247
0.396
0.267
0.311
0.309
0.497
0.289
0.348
0.364
0.372
0.26
0.299
0.44
0.345
0.376
0.29
0.446
0.523
0.321
0.43
0.401
0.326
0.462
0.341
0.326
0.428
0.385
0.419
0.35
0.323
0.313
0.425
0.405
0.284
0.369
0.329
0.355
0.414
0.36
0.431
0.326
0.276
0.36
0.546
0.528
0.357
0.343
0.375
0.418
0.318
0.259
0.434
0.48
0.249
0.306
0.415
0.562
0.373
0.554
0.282
0.337
0.487
0.48
0.34
0.397
0.406
0.431
0.363
0.432
0.395
0.677
0.318
0.328
0.455
0.331
0.682
0.437
0.411
0.361
0.441
0.39
0.41
0.33
0.42
0.411
0.41
0.434
0.371
0.407
0.565
0.327
0.347
0.581
0.39
0.36
0.392
0.431
0.412
0.579
0.357
0.508
0.45
0.385
0.367
0.573
0.384
0.4
0.47
0.381
0.381
0.349
0.466
0.453
0.397
0.423
0.316
0.413
0.325
0.393
0.376
0.416
0.452
0.369
0.483
0.405
0.504
0.51
0.362
0.339
0.556
0.653
0.507
0.521
0.483
0.49
0.533
0.452
0.497
0.421
0.323
0.352
0.48
0.414
0.292
0.333
0.604
0.568
0.541
0.597
0.536
0.746
0.676
0.488
0.802
0.692
0.598
0.749
0.729
0.62
0.753
0.672
0.822
0.788
0.614
0.465
0.473
0.691
0.537
0.728
0.518
0.678
0.534
0.555
0.682
0.751
0.703
0.567
0.813
0.471
0.462
0.441
0.553
0.6
0.475
0.334
0.693
0.595
0.572
0.556
0.719
0.284
0.645
0.74
0.621
0.607
0.594
0.622
0.423
0.57
0.606
0.613
0.654
0.396
0.757
0.759
0.494
0.507
0.709
0.827
0.532
0.69
0.439
0.691
0.557
0.588
0.691
0.722
0.877
0.609
0.715
0.4
0.543
0.51
0.629
0.477
0.774
0.474
0.632
0.71
0.636
0.617
0.612
0.592
0.586
0.737
0.828
0.436
0.53
0.623
0.54
0.794
0.609
0.41
0.493
0.428
0.381
0.636
0.736
0.599
0.434
0.439
0.855
0.409
0.56
0.826
0.599
0.6
0.61
0.488
0.474
0.596
0.88
0.492
0.447
0.61
0.592
0.696
0.712
0.763
0.608
0.748
0.748
0.642
0.543
0.75
0.682
0.705
0.772
0.424
0.472
0.466
0.397
0.733
0.726
0.502
0.478
0.597
0.648
0.667
0.736
0.553
0.531
0.65
0.762
0.415
0.722
0.615
0.543
0.61
0.624
0.486
0.721
0.542
0.469
0.528
0.591
0.456
0.67
0.645
0.753
0.562
0.588
0.679
0.518
0.489
0.529
0.69
0.441
0.46
0.591
0.528
0.639
0.631
0.544
0.835
0.439
0.464
0.618
0.74
0.448
0.671
0.521
0.551
0.689
0.485
0.789
0.512
0.491
0.58
0.554
0.452
0.6
0.678
0.427
0.555
0.645
0.596
0.491
0.596
0.58
0.733
0.838
0.519
0.644
0.463
0.518
0.453
0.406
0.529
0.477
0.831
0.445
0.572
0.449
0.659
0.532
0.722
0.575
0.597
0.613
0.501
0.409
0.613
0.795
0.625
0.703
0.59
0.567
0.747
0.784
0.407
0.757
0.655
0.618
0.577
0.534
0.767
0.625
0.346
0.692
0.535
0.82
0.708
0.716
0.581
0.649
0.526
0.561
0.645
0.779
0.635
0.32
0.419
0.411
0.353
0.181
0.518
0.188
0.424
0.386
0.558
0.417
0.369
0.445
0.286
0.33
0.276
0.421
0.644
0.644
0.473
0.282
0.651
0.532
0.175
0.458
0.588
0.518
0.42
0.486
0.702
0.77
0.57
0.718
0.631
0.71
0.729
0.59
0.696
0.546
0.639
0.604
0.708
0.627
0.824
0.81
0.525
0.672
0.625
0.61
0.75
0.701
0.57
0.495
0.44
0.551
0.688
0.463
0.714
0.585
0.75
0.496
0.683
0.61
0.649
0.74
0.632
0.653
0.699
0.528
0.664
0.563
0.748
0.772
0.51
0.772
0.57
0.614
0.567
0.724
0.761
0.527
0.747
0.681
0.643
0.568
0.662
0.566
0.599
0.569
0.75
0.612
0.666
0.546
0.678
0.582
0.763
0.748
0.649
0.668
0.76
0.648
0.654
0.64
0.701
0.708
0.761
0.71
0.661
0.643
0.52
0.491
0.567
0.66
0.64
0.619
0.761
0.523
0.717
0.64
0.607
0.675
0.553
0.329
0.523
0.514
0.415
0.69
0.785
0.728
0.721
0.698
0.41
0.669
0.368
0.631
0.643
0.447
0.786
0.712
0.352
0.639
0.833
0.68
0.608
0.478
0.534
0.687
0.712
0.765
0.656
0.784
0.551
0.771
0.571
0.588
0.663
0.603
0.742
0.72
0.564
0.772
0.664
0.687
0.64
0.69
0.634
0.593
0.541
0.58
0.63
0.718
0.565
0.678
0.71
0.737
0.611
0.724
0.522
0.761
0.564
0.746
0.741
0.586
0.625
0.573
0.565
0.753
0.563
0.661
0.662
0.759
0.754
0.724
0.786
0.672
0.532
0.616
0.765
0.721
0.617
0.712
0.587
0.606
0.73
0.653
0.76
0.721
0.679
0.585
0.685
0.658
0.641
0.747
0.629
0.74
0.519
0.524
0.475
0.398
0.436
0.476
0.408
0.491
0.42
0.409
0.403
0.407
0.554
0.619
0.459
0.476
0.457
0.522
0.552
0.605
0.454
0.501
0.445
0.42
0.479
0.497
0.481
0.495
0.674
0.558
0.517
0.634
0.463
0.542
0.49
0.456
0.346
0.499
0.58
0.593
0.426
0.447
0.356
0.493
0.567
0.517
0.465
0.452
0.475
0.423
0.479
0.521
0.389
0.381
0.408
0.208
0.403
0.37
0.395
0.486
0.414
0.422
0.365
0.414
0.384
0.589
0.497
0.641
0.386
0.627
0.495
0.417
0.424
0.494
0.322
0.484
0.449
0.436
0.486
0.433
0.518
0.404
0.518
0.352
0.589
0.612
0.498
0.396
0.432
0.459
0.345
0.34
0.479
0.271
0.3
0.497
0.46
0.447
0.552
0.353
0.42
0.443
0.449
0.399
0.28
0.631
0.512
0.443
0.464
0.496
0.37
0.468
0.427
0.286
0.385
0.424
0.387
0.454
0.533
0.41
0.39
0.309
0.361
0.506
0.356
0.45
0.296
0.432
0.253
0.289
0.454
0.335
0.404
0.424
0.296
0.324
0.29
0.409
0.324
0.398
0.241
0.262
0.418
0.278
0.374
0.268
0.34
0.264
0.287
0.374
[]
[]
